score_softmax,score_softmax_last_05,score_softmax_last_20,score_greedy,performance,pi_optimal__flattened,pi_flattened,observations,done,time_this_iter_s,timesteps_total,episodes_total,training_iteration,trial_id,experiment_id,date,timestamp,time_total_s,pid,hostname,node_ip,time_since_restore,timesteps_since_restore,iterations_since_restore,warmup_time
6.0080650000002676,8.922800000000448,7.593800000000506,8.00000000000002,"[0.081  1.1774 1.3782 1.307  1.9662 2.015  2.2878 3.1816 3.171  3.2022
 3.1622 3.951  4.3978 4.5942 4.3892 4.957  5.159  5.9288 6.8698 7.6116
 7.5938 7.8042 7.9094 8.048  8.2102 8.1742 8.3288 8.7746 8.7618 8.774
 8.8236 9.0526 8.8292 8.4742 8.3968 8.9228 8.53   8.7726 8.4462 8.9076]","Greedy policy found:
 s , s , s , e , s , w , e , s , e , s , e , s , e , e , s , e , e , n , - 
 s , - , s , n , e , s , e , e , s , s , s , w , s , e , e , - , - , s , w 
 e , w , s , e , n , e , s , e , e , s , w , s , n , w , e , n , n , n , s 
 e , w , n , w , - , e , e , s , e , s , s , s , - , s , s , w , e , - , s 
 w , n , w , e , n , s , e , e , e , S , s , w , w , - , w , n , s , w , e 
 - , n , s , - , s , s , e , e , s , e , s , w , s , s , e , e , - , e , s 
 e , e , n , n , w , w , e , e , S , w , W , w , w , n , w , e , w , n , - 
 e , n , e , s , s , s , n , e , s , s , s , w , w , w , e , s , s , w , n 
 s , w , n , w , s , n , s , e , s , s , s , w , w , s , s , e , n , s , s 
 w , s , - , n , s , e , e , e , E , e , S , w , w , n , w , w , w , s , s 
 s , w , w , w , w , e , e , s , n , e , s , w , s , s , w , e , s , e , s 
 - , w , n , s , w , w , e , s , e , s , s , w , w , - , s , - , s , - , n 
 - , w , n , e , w , - , e , e , S , w , S , s , w , n , e , n , w , - , n 
 w , - , w , n , e , w , w , e , n , w , s , n , w , n , w , - , w , w , e 
 e , w , e , s , s , e , e , n , s , w , s , w , - , w , s , n , e , s , w 
 - , n , e , - , e , n , e , e , S , w , W , s , w , w , n , e , e , s , w 
 w , w , w , n , s , s , e , e , s , s , n , w , w , s , s , n , s , s , s 
 s , s , n , e , w , - , e , e , e , E , n , e , e , e , s , s , n , w , w 
 e , n , w , - , n , n , n , n , w , n , n , w , n , s , n , s , s , - , - 
","(A,S) Value function =(361, 5)
Row 0
[[-0.02  -0.007 -0.021 -0.014 -0.02 ]
 [-0.024 -0.011 -0.016 -0.034 -0.018]
 [-0.019 -0.015 -0.019 -0.019 -0.033]
 [-0.015 -0.019 -0.013 -0.026 -0.037]
 [-0.024 -0.012 -0.024 -0.019 -0.023]
 [-0.021 -0.03  -0.036 -0.049 -0.043]
 [-0.041 -0.034 -0.02  -0.053 -0.046]
 [-0.032 -0.027 -0.04  -0.048 -0.04 ]
 [-0.047 -0.039 -0.037 -0.049 -0.044]
 [-0.039 -0.034 -0.041 -0.041 -0.05 ]
 [-0.035 -0.037 -0.034 -0.059 -0.046]
 [-0.042 -0.032 -0.045 -0.047 -0.051]
 [-0.041 -0.04  -0.03  -0.056 -0.043]
 [-0.028 -0.029 -0.028 -0.03  -0.031]
 [-0.027 -0.014 -0.019 -0.032 -0.023]
 [-0.018 -0.014 -0.013 -0.021 -0.015]
 [-0.014 -0.014  0.    -0.006 -0.008]
 [-0.006 -0.004 -0.008  0.     0.   ]
 [-0.009 -0.008 -0.006 -0.016 -0.005]]
Row 1
[[-0.012 -0.008 -0.012 -0.014 -0.012]
 [-0.015 -0.023 -0.023 -0.009 -0.006]
 [-0.029 -0.01  -0.02  -0.028 -0.034]
 [-0.028 -0.032 -0.031 -0.012 -0.021]
 [-0.037 -0.027 -0.012 -0.019 -0.033]
 [-0.03  -0.024 -0.025 -0.033 -0.027]
 [-0.025 -0.028 -0.024 -0.038 -0.033]
 [-0.031 -0.03  -0.021 -0.048 -0.036]
 [-0.035 -0.009 -0.038 -0.046 -0.039]
 [-0.029  0.076 -0.038 -0.057 -0.037]
 [-0.033 -0.022 -0.043 -0.054 -0.063]
 [-0.03  -0.038 -0.05  -0.046 -0.05 ]
 [-0.051 -0.032 -0.035 -0.054 -0.051]
 [-0.049 -0.031 -0.026 -0.038 -0.05 ]
 [-0.032 -0.027 -0.007 -0.014 -0.036]
 [-0.013 -0.018 -0.011 -0.011 -0.01 ]
 [-0.016 -0.006 -0.012 -0.006 -0.005]
 [-0.01   0.    -0.004 -0.006 -0.01 ]
 [-0.004 -0.004 -0.01  -0.013 -0.006]]
Row 2
[[-2.600e-02 -1.500e-02 -4.000e-03 -7.000e-03 -2.700e-02]
 [-8.000e-03 -1.800e-02 -2.400e-02 -1.600e-02 -2.300e-02]
 [-2.600e-02 -1.200e-02 -1.600e-02 -2.200e-02 -1.500e-02]
 [-3.400e-02 -1.900e-02 -1.400e-02 -2.300e-02 -2.500e-02]
 [-2.500e-02 -2.400e-02 -3.500e-02 -2.000e-02 -2.900e-02]
 [-3.700e-02 -2.600e-02 -1.200e-02 -3.700e-02 -3.200e-02]
 [-2.600e-02 -1.200e-02 -3.000e-02 -2.600e-02 -2.000e-02]
 [-2.500e-02 -3.300e-02  1.000e-03 -2.900e-02 -4.000e-02]
 [-3.500e-02 -1.600e-02  1.860e-01 -4.500e-02  6.000e-03]
 [-4.000e-02  1.248e+00 -3.600e-02  2.000e-02  4.250e-01]
 [ 1.250e-01 -3.300e-02 -3.500e-02 -5.200e-02 -1.400e-02]
 [-3.700e-02 -2.900e-02 -4.400e-02 -3.700e-02 -5.800e-02]
 [-3.400e-02 -2.200e-02 -3.600e-02 -1.900e-02 -3.300e-02]
 [-2.200e-02 -3.900e-02 -3.900e-02 -4.100e-02 -2.200e-02]
 [-3.200e-02 -4.200e-02 -2.600e-02 -3.100e-02 -4.900e-02]
 [-3.100e-02 -1.400e-02 -2.000e-02 -1.100e-02 -1.900e-02]
 [-1.600e-02 -1.300e-02 -1.500e-02 -6.000e-03 -1.900e-02]
 [-1.500e-02 -7.000e-03 -4.000e-03 -3.000e-03 -1.600e-02]
 [-8.000e-03 -4.000e-03 -1.200e-02 -7.000e-03 -1.500e-02]]
Row 3
[[-0.006 -0.012 -0.003 -0.017 -0.011]
 [-0.004 -0.017 -0.018 -0.012 -0.009]
 [-0.022 -0.012 -0.018 -0.006 -0.024]
 [-0.014 -0.03  -0.015 -0.021 -0.026]
 [-0.022 -0.025 -0.018 -0.022 -0.015]
 [-0.031 -0.029 -0.017 -0.036 -0.02 ]
 [-0.026 -0.015 -0.011 -0.028 -0.028]
 [-0.034 -0.003 -0.02  -0.01  -0.024]
 [-0.021  0.024  0.043 -0.011 -0.039]
 [ 0.008  1.099  0.007  0.17   0.285]
 [ 0.024  0.115 -0.034  0.003  0.002]
 [-0.01   0.028 -0.036 -0.044 -0.038]
 [-0.033 -0.031 -0.034 -0.029 -0.026]
 [-0.028 -0.016 -0.04  -0.03  -0.047]
 [-0.037 -0.014 -0.014 -0.033 -0.047]
 [-0.005 -0.018 -0.014 -0.014 -0.005]
 [-0.007 -0.025 -0.006 -0.014 -0.011]
 [-0.015 -0.008 -0.014 -0.008 -0.006]
 [-0.009 -0.003 -0.023 -0.012 -0.026]]
Row 4
[[-0.006 -0.008 -0.013 -0.009 -0.015]
 [-0.013 -0.012 -0.014 -0.007 -0.014]
 [-0.019 -0.025 -0.029 -0.019 -0.035]
 [-0.037 -0.016 -0.016 -0.032 -0.022]
 [-0.021 -0.032 -0.037 -0.014 -0.048]
 [-0.033 -0.016 -0.023 -0.041 -0.028]
 [-0.022 -0.029 -0.012 -0.025 -0.021]
 [-0.033  0.013  0.06  -0.025 -0.025]
 [ 0.001  0.061  0.156 -0.015  0.067]
 [-0.032  0.895  0.211  0.061  0.06 ]
 [ 0.28   0.482 -0.02   0.009  0.046]
 [ 0.182 -0.008 -0.002 -0.021 -0.02 ]
 [ 0.099 -0.024 -0.021 -0.032 -0.007]
 [-0.016 -0.013 -0.029 -0.014 -0.01 ]
 [-0.016 -0.018 -0.023 -0.022 -0.037]
 [-0.02  -0.017 -0.018 -0.013 -0.019]
 [-0.013 -0.01  -0.019 -0.015 -0.024]
 [ 0.    -0.014 -0.021 -0.017 -0.018]
 [-0.017 -0.008 -0.005 -0.01  -0.013]]
Row 5
[[-0.011 -0.014 -0.008 -0.004  0.   ]
 [-0.004 -0.016 -0.029  0.    -0.037]
 [-0.019 -0.014 -0.016 -0.026 -0.019]
 [-0.023 -0.017 -0.011 -0.019 -0.006]
 [-0.016 -0.006 -0.022 -0.035 -0.019]
 [-0.03  -0.021 -0.029 -0.023 -0.027]
 [-0.039 -0.031 -0.013 -0.029 -0.029]
 [-0.024  0.015  0.189 -0.024 -0.006]
 [-0.     0.535  0.192  0.002  0.191]
 [ 0.168  0.679  0.894  0.304  0.331]
 [ 0.251  1.479 -0.019 -0.025  0.022]
 [ 0.058 -0.029 -0.027 -0.009 -0.017]
 [-0.023 -0.021 -0.039 -0.022 -0.038]
 [-0.021 -0.016 -0.026 -0.018 -0.021]
 [-0.019 -0.018 -0.015 -0.025 -0.033]
 [-0.017 -0.015 -0.014 -0.018 -0.026]
 [-0.011 -0.018 -0.011 -0.016 -0.004]
 [-0.016 -0.007  0.    -0.008 -0.006]
 [-0.004  0.    -0.012 -0.011 -0.005]]
Row 6
[[-0.026 -0.017 -0.008 -0.013 -0.016]
 [-0.016 -0.012 -0.004 -0.014 -0.01 ]
 [-0.023 -0.008 -0.007 -0.004 -0.011]
 [-0.013 -0.013 -0.009 -0.008 -0.025]
 [-0.008 -0.012 -0.022 -0.012 -0.018]
 [-0.014 -0.027 -0.016 -0.024 -0.045]
 [-0.013 -0.025 -0.012 -0.034 -0.027]
 [-0.028  0.027  0.081  0.031 -0.026]
 [-0.033  0.607  0.254  0.003  0.06 ]
 [ 1.673  0.035  0.492  0.142  0.19 ]
 [ 0.723  0.341 -0.023  0.105  0.1  ]
 [ 0.027 -0.019 -0.031 -0.011 -0.029]
 [-0.01  -0.028 -0.02  -0.027 -0.028]
 [-0.018 -0.023 -0.027 -0.011 -0.015]
 [-0.014 -0.023 -0.032 -0.025 -0.027]
 [-0.02  -0.02  -0.011 -0.021 -0.024]
 [-0.003 -0.015 -0.013 -0.01  -0.015]
 [-0.005 -0.013 -0.022 -0.004 -0.009]
 [-0.008 -0.014 -0.006 -0.007 -0.005]]
Row 7
[[-9.000e-03 -9.000e-03 -8.000e-03 -1.600e-02 -1.000e-02]
 [-1.200e-02 -1.900e-02 -6.000e-03 -2.000e-03 -6.000e-03]
 [-7.000e-03 -1.500e-02  0.000e+00 -8.000e-03 -1.900e-02]
 [-1.100e-02  0.000e+00 -1.300e-02 -1.700e-02  0.000e+00]
 [-1.700e-02 -1.600e-02 -2.700e-02 -1.800e-02 -2.700e-02]
 [-2.900e-02 -1.700e-02 -2.000e-02 -2.800e-02 -4.300e-02]
 [-4.400e-02 -3.100e-02 -2.200e-02 -2.100e-02 -3.200e-02]
 [-4.400e-02 -6.000e-03  1.550e-01  2.100e-02 -2.800e-02]
 [ 1.000e-03  1.078e+00  3.900e-02  1.930e-01  8.300e-02]
 [ 1.380e-01  1.800e-01  4.800e-02  1.640e-01  2.500e-02]
 [ 1.560e-01  3.040e-01  6.000e-03 -8.000e-03  9.000e-03]
 [ 3.200e-02  2.400e-02 -2.400e-02 -1.600e-02 -3.100e-02]
 [-9.000e-03 -3.200e-02 -3.500e-02 -2.600e-02 -2.700e-02]
 [-2.500e-02 -3.500e-02 -4.000e-02 -2.700e-02 -2.500e-02]
 [-2.900e-02 -4.100e-02 -1.200e-02 -3.000e-02 -3.300e-02]
 [-1.800e-02 -1.600e-02 -2.000e-02 -1.900e-02 -1.700e-02]
 [-1.800e-02 -1.100e-02 -1.100e-02 -1.100e-02 -1.100e-02]
 [-7.000e-03 -1.900e-02 -1.900e-02 -1.800e-02 -2.500e-02]
 [-1.500e-02 -1.800e-02 -2.900e-02 -8.000e-03 -2.000e-02]]
Row 8
[[-6.000e-03  0.000e+00 -4.000e-03 -8.000e-03 -1.300e-02]
 [-4.000e-03 -1.900e-02 -2.200e-02 -9.000e-03 -2.300e-02]
 [-2.400e-02 -1.300e-02 -1.000e-02 -4.000e-03 -5.000e-03]
 [-7.000e-03 -8.000e-03 -1.100e-02 -8.000e-03 -1.400e-02]
 [-2.000e-02 -1.300e-02 -2.200e-02 -1.600e-02 -2.900e-02]
 [-2.300e-02 -2.400e-02 -1.900e-02 -1.700e-02 -3.900e-02]
 [-3.200e-02  2.400e-02 -2.200e-02 -3.000e-02 -4.200e-02]
 [-1.700e-02 -2.000e-02  5.500e-02 -1.000e-02  1.000e-03]
 [-2.000e-02  1.315e+00  1.000e-03  1.190e-01 -3.000e-03]
 [ 2.000e-02  3.700e-01 -2.000e-02  3.400e-02  6.100e-02]
 [ 7.400e-02  2.960e-01 -1.300e-02  1.000e-02 -1.300e-02]
 [ 5.600e-02 -1.500e-02 -2.700e-02 -2.200e-02 -4.000e-02]
 [-1.800e-02 -2.300e-02 -4.200e-02 -3.700e-02 -6.300e-02]
 [-4.000e-02 -1.600e-02 -2.500e-02 -4.000e-02 -3.400e-02]
 [-3.100e-02 -2.200e-02 -3.000e-02 -2.900e-02 -4.300e-02]
 [-2.300e-02 -1.800e-02 -1.100e-02 -2.200e-02 -2.300e-02]
 [-1.400e-02 -1.500e-02 -1.100e-02 -7.000e-03 -2.900e-02]
 [-1.400e-02  0.000e+00 -2.400e-02 -2.000e-02 -1.800e-02]
 [-1.500e-02 -7.000e-03 -1.800e-02 -1.300e-02 -1.200e-02]]
Row 9
[[ 0.    -0.004 -0.007  0.    -0.01 ]
 [-0.013 -0.006 -0.013 -0.011 -0.024]
 [-0.01  -0.021 -0.004 -0.011  0.   ]
 [-0.014 -0.007 -0.016 -0.004 -0.02 ]
 [-0.028 -0.011 -0.02  -0.019 -0.033]
 [-0.033 -0.025 -0.012 -0.022 -0.039]
 [-0.017 -0.013  0.08  -0.024 -0.001]
 [-0.024 -0.016  0.176 -0.025 -0.031]
 [ 0.005 -0.021  0.971  0.104  0.082]
 [ 0.222  0.074  0.923 -0.011  0.177]
 [ 0.024  0.501 -0.036 -0.001  0.082]
 [-0.002 -0.02  -0.014 -0.026 -0.022]
 [-0.009 -0.02  -0.015 -0.032 -0.018]
 [-0.014 -0.015 -0.02  -0.012 -0.013]
 [-0.008 -0.019 -0.019 -0.024 -0.015]
 [-0.007 -0.019 -0.019 -0.011 -0.011]
 [-0.004 -0.021 -0.018 -0.015 -0.019]
 [-0.008 -0.002 -0.013 -0.011 -0.012]
 [-0.012  0.    -0.019 -0.005 -0.008]]
Row 10
[[-0.005  0.    -0.004  0.     0.   ]
 [ 0.    -0.004 -0.004 -0.004  0.   ]
 [-0.002 -0.007 -0.011 -0.004 -0.015]
 [ 0.    -0.008 -0.014 -0.005 -0.011]
 [-0.01  -0.016 -0.015 -0.012 -0.014]
 [-0.02  -0.02   0.003 -0.035 -0.035]
 [-0.025 -0.005  0.02  -0.022 -0.027]
 [-0.034  0.118 -0.002  0.    -0.007]
 [-0.015  0.02   0.024  0.122  0.013]
 [ 0.115  0.115  0.157 -0.003  0.07 ]
 [ 0.069  0.671 -0.016  0.052  0.001]
 [-0.001 -0.005 -0.031 -0.015 -0.03 ]
 [-0.026 -0.008 -0.028 -0.025 -0.046]
 [-0.024 -0.008 -0.017 -0.013 -0.028]
 [-0.011 -0.018 -0.025 -0.016 -0.036]
 [-0.019 -0.017 -0.011 -0.021 -0.03 ]
 [-0.015 -0.007 -0.017 -0.016 -0.021]
 [-0.012 -0.007 -0.003 -0.004 -0.009]
 [-0.003  0.     0.     0.     0.   ]]
Row 11
[[ 0.     0.     0.     0.     0.   ]
 [ 0.    -0.012 -0.005  0.    -0.017]
 [-0.007 -0.007 -0.009 -0.004 -0.016]
 [-0.008 -0.004 -0.009 -0.004 -0.011]
 [-0.004 -0.025 -0.018 -0.006 -0.024]
 [-0.013 -0.017 -0.015 -0.019 -0.027]
 [-0.016 -0.013  0.01  -0.02  -0.031]
 [-0.025  0.288  0.048 -0.014  0.068]
 [ 0.025  0.049  0.054  0.04  -0.02 ]
 [-0.011  0.716  0.31   0.044  0.099]
 [ 0.328  0.898  0.027  0.129  0.006]
 [ 0.105  0.079 -0.02  -0.018 -0.005]
 [ 0.014 -0.011 -0.007 -0.016 -0.011]
 [-0.007 -0.004 -0.011 -0.012  0.   ]
 [-0.017 -0.008 -0.012 -0.023 -0.019]
 [-0.008 -0.013 -0.01  -0.008 -0.008]
 [-0.013  0.     0.    -0.012 -0.011]
 [-0.003 -0.003 -0.008 -0.004  0.   ]
 [-0.004 -0.008 -0.006  0.     0.   ]]
Row 12
[[ 0.     0.     0.     0.     0.   ]
 [ 0.    -0.004 -0.012 -0.008 -0.011]
 [-0.012 -0.016 -0.013 -0.007 -0.011]
 [-0.014 -0.012 -0.003 -0.004 -0.01 ]
 [-0.006 -0.013 -0.014 -0.02  -0.016]
 [-0.013 -0.017 -0.006 -0.02   0.   ]
 [-0.019 -0.022 -0.007 -0.015 -0.021]
 [-0.017  0.015  0.424 -0.017  0.054]
 [-0.025  0.138  0.096 -0.005 -0.026]
 [ 0.532 -0.009  0.149  0.24   0.098]
 [ 0.145  0.512 -0.012  0.155  0.143]
 [ 0.091  0.134 -0.013  0.043  0.056]
 [-0.009 -0.018 -0.024 -0.01  -0.017]
 [-0.017 -0.007 -0.011  0.    -0.021]
 [-0.008 -0.029 -0.004 -0.015 -0.019]
 [-0.015 -0.007 -0.004  0.    -0.017]
 [ 0.     0.    -0.007 -0.004 -0.008]
 [-0.004 -0.004 -0.007 -0.008  0.   ]
 [-0.009 -0.013 -0.022 -0.005 -0.018]]
Row 13
[[ 0.    -0.004  0.     0.     0.   ]
 [-0.004 -0.004 -0.007 -0.004  0.   ]
 [-0.01  -0.015 -0.018 -0.012 -0.017]
 [-0.015 -0.02  -0.023 -0.01  -0.021]
 [-0.027 -0.021 -0.004 -0.009 -0.014]
 [-0.005 -0.014 -0.013 -0.011 -0.008]
 [-0.006 -0.017 -0.007 -0.021 -0.013]
 [-0.012 -0.017  0.105  0.102  0.043]
 [ 0.001  0.383  0.152  0.411  0.213]
 [ 0.163  0.042  0.     0.023 -0.01 ]
 [ 0.027  0.407 -0.027  0.012  0.096]
 [-0.018 -0.014 -0.026  0.165 -0.007]
 [ 0.02  -0.011 -0.027 -0.026 -0.02 ]
 [-0.008 -0.016 -0.027 -0.004 -0.02 ]
 [-0.013 -0.018 -0.03  -0.015 -0.039]
 [-0.016 -0.013 -0.007 -0.012  0.   ]
 [-0.003 -0.008 -0.007 -0.004 -0.008]
 [-0.003 -0.008 -0.02  -0.004 -0.01 ]
 [-0.01  -0.013 -0.01  -0.015 -0.024]]
Row 14
[[-0.011 -0.007  0.     0.     0.   ]
 [ 0.    -0.003 -0.012 -0.004  0.   ]
 [-0.01  -0.021 -0.004 -0.018 -0.013]
 [-0.013 -0.006 -0.009 -0.019 -0.019]
 [-0.015 -0.015 -0.017 -0.02  -0.032]
 [-0.023 -0.013 -0.008 -0.02  -0.023]
 [-0.018 -0.019  0.003 -0.011 -0.019]
 [-0.009  0.012  0.013  0.038 -0.015]
 [-0.008  0.581  0.123  0.436  0.217]
 [ 0.289  0.127  0.096  0.049  0.023]
 [ 0.037  0.795 -0.001 -0.02   0.008]
 [ 0.023 -0.01  -0.021  0.001 -0.017]
 [-0.012 -0.014 -0.008 -0.024 -0.006]
 [-0.005 -0.022 -0.008 -0.018 -0.012]
 [-0.012 -0.012 -0.014 -0.013 -0.019]
 [-0.013 -0.022 -0.014 -0.01  -0.022]
 [-0.01  -0.012 -0.008 -0.011 -0.017]
 [-0.004 -0.004 -0.008 -0.017 -0.022]
 [-0.007 -0.011 -0.013 -0.011 -0.009]]
Row 15
[[-0.01  -0.004 -0.008 -0.005  0.   ]
 [-0.007 -0.013 -0.006 -0.004 -0.005]
 [-0.014 -0.023 -0.01  -0.012 -0.026]
 [-0.01  -0.008 -0.017 -0.011 -0.005]
 [-0.018 -0.014 -0.01  -0.018 -0.039]
 [-0.016 -0.031 -0.015 -0.013 -0.028]
 [-0.021 -0.029  0.035 -0.023 -0.029]
 [-0.001 -0.028  0.1    0.017 -0.007]
 [-0.025  0.413  0.202  0.215  0.103]
 [ 0.504  0.172  0.235  0.102  0.077]
 [ 0.55   0.132 -0.004  0.001  0.129]
 [ 0.011  0.05  -0.024 -0.004 -0.025]
 [-0.012 -0.032 -0.027 -0.026 -0.028]
 [-0.019 -0.025 -0.026 -0.02  -0.043]
 [-0.015 -0.012 -0.021 -0.01  -0.029]
 [-0.017 -0.015 -0.014 -0.015 -0.022]
 [-0.013 -0.012 -0.007 -0.018 -0.024]
 [-0.01  -0.004 -0.013 -0.011 -0.012]
 [-0.007 -0.014 -0.021 -0.012 -0.025]]
Row 16
[[ 0.    -0.004 -0.004 -0.004  0.   ]
 [ 0.    -0.011 -0.011 -0.007 -0.011]
 [-0.007 -0.015 -0.022 -0.018 -0.012]
 [-0.018 -0.022 -0.011 -0.01  -0.017]
 [-0.022 -0.016 -0.026 -0.019 -0.023]
 [-0.035 -0.027 -0.028 -0.033 -0.041]
 [-0.035 -0.029 -0.005 -0.026 -0.022]
 [-0.029 -0.044  0.036 -0.016 -0.032]
 [-0.044  0.419  0.026  0.052  0.034]
 [ 0.059  0.446 -0.005  0.075 -0.03 ]
 [ 0.373 -0.009 -0.042  0.406  0.101]
 [ 0.124 -0.031 -0.032 -0.024 -0.04 ]
 [-0.017 -0.026 -0.032 -0.038 -0.056]
 [-0.025 -0.005 -0.031 -0.029 -0.029]
 [-0.024 -0.017 -0.031 -0.02  -0.02 ]
 [-0.022 -0.023 -0.032 -0.01  -0.023]
 [-0.016 -0.005 -0.015 -0.01  -0.018]
 [-0.008  0.    -0.01  -0.015 -0.006]
 [-0.011 -0.004 -0.006 -0.015 -0.006]]
Row 17
[[-0.011 -0.005 -0.008 -0.006 -0.005]
 [-0.009 -0.005 -0.018 -0.008 -0.013]
 [-0.022 -0.016 -0.018 -0.009 -0.017]
 [-0.017 -0.02  -0.015 -0.018 -0.026]
 [-0.014 -0.015 -0.029 -0.026 -0.039]
 [-0.032 -0.033 -0.035 -0.027 -0.024]
 [-0.035 -0.031 -0.022 -0.027 -0.05 ]
 [-0.024 -0.059 -0.018 -0.029 -0.045]
 [-0.039 -0.065  0.362  0.005  0.136]
 [-0.054 -0.077  0.    -0.018 -0.08 ]
 [-0.039 -0.054 -0.052  0.133 -0.001]
 [-0.04  -0.049 -0.025 -0.033 -0.056]
 [-0.026 -0.021 -0.02  -0.037 -0.022]
 [-0.021 -0.018 -0.008 -0.013 -0.015]
 [-0.013 -0.008 -0.011 -0.018 -0.014]
 [-0.017 -0.008 -0.01  -0.025 -0.025]
 [-0.008 -0.015 -0.004 -0.002 -0.011]
 [ 0.     0.     0.    -0.004  0.   ]
 [ 0.     0.    -0.005 -0.004  0.   ]]
Row 18
[[-0.007 -0.023 -0.005 -0.007 -0.026]
 [-0.01  -0.011 -0.011  0.    -0.006]
 [-0.011 -0.018 -0.012 -0.014 -0.017]
 [-0.012 -0.028 -0.028 -0.016 -0.01 ]
 [-0.027 -0.037 -0.025 -0.023 -0.052]
 [-0.036 -0.029 -0.033 -0.026 -0.033]
 [-0.04  -0.039 -0.037 -0.026 -0.052]
 [-0.041 -0.065 -0.042 -0.031 -0.043]
 [-0.043 -0.061 -0.054 -0.046 -0.065]
 [-0.055 -0.078 -0.052 -0.047 -0.078]
 [-0.056 -0.056 -0.044 -0.029 -0.053]
 [-0.037 -0.054 -0.042 -0.037 -0.044]
 [-0.033 -0.035 -0.03  -0.026 -0.034]
 [-0.02  -0.01  -0.035 -0.017 -0.034]
 [-0.025 -0.017 -0.023 -0.004 -0.018]
 [-0.012  0.    -0.008 -0.019 -0.017]
 [-0.011  0.     0.    -0.012 -0.009]
 [ 0.     0.     0.     0.     0.   ]
 [ 0.     0.     0.     0.     0.   ]]
","[[(47, 0), (48, 2), (47, 0), (48, 2), (67, 1), (68, 2), (67, 0), (68, 2), (87, 1), (68, 3), (87, 1), (88, 2), (107, 1), (106, 0), (87, 3), (106, 1), (105, 0), (104, 0), (103, 0), (104, 2), (103, 0), (103, 0), (103, 0), (122, 1), (123, 2), (123, 2), (124, 2), (143, 1), (124, 3), (123, 0), (123, 0), (122, 0), (121, 0), (122, 2), (103, 3), (103, 3), (104, 2), (104, 2), (85, 3), (85, 3), (66, 3), (47, 3), (48, 2), (67, 1), (67, 1), (67, 1), (67, 1), (86, 1), (105, 1), (124, 1), (123, 0), (122, 0), (121, 0), (122, 2), (141, 1), (160, 1), (159, 0), (159, 0), (160, 2), (159, 0), (160, 2), (179, 1), (160, 3), (160, 3), (179, 1), (160, 3), (160, 3), (159, 0), (158, 0), (158, 0), (159, 2), (159, 2), (158, 0), (157, 0), (176, 1), (195, 1), (195, 1), (214, 1), (215, 2), (214, 0), (214, 0), (233, 1), (232, 0), (232, 0), (213, 3), (213, 3), (232, 1), (251, 1), (252, 2), (233, 3), (214, 3), (213, 0), (194, 3), (195, 2), (195, 2), (214, 1), (233, 1), (233, 1), (214, 3), (213, 0), (194, 3)], [(47, 0), (47, 0), (66, 1), (85, 1), (85, 1), (85, 1), (104, 1), (105, 2), (124, 1), (143, 1), (143, 1), (142, 0), (141, 0), (122, 3), (123, 2), (142, 1), (142, 1), (143, 2), (162, 1), (181, 1), (180, 0), (179, 0), (178, 0), (178, 0), (177, 0), (176, 0), (157, 3), (176, 1), (157, 3), (156, 0), (157, 2), (156, 0), (155, 0), (136, 3), (135, 0), (135, 0), (136, 2), (155, 1), (156, 2), (137, 3), (138, 2), (119, 3), (119, 3), (118, 0), (137, 1), (138, 2), (137, 0), (156, 1), (175, 1), (156, 3), (175, 1), (156, 3), (156, 3), (155, 0), (174, 1), (155, 3), (156, 2), (137, 3), (156, 1), (156, 1), (175, 1), (175, 1), (175, 1), (156, 3), (157, 2), (158, 2), (157, 0), (158, 2), (158, 2), (159, 2), (158, 0), (159, 2), (140, 3), (121, 3), (120, 0), (101, 3), (120, 1), (139, 1), (140, 2), (121, 3), (140, 1), (141, 2), (142, 2), (123, 3), (123, 3), (104, 3), (104, 3), (104, 3), (123, 1), (124, 2), (125, 2), (124, 0), (143, 1), (142, 0), (141, 0), (142, 2), (143, 2), (143, 2), (143, 2), (142, 0), (141, 0)], [(47, 0), (66, 1), (85, 1), (84, 0), (103, 1), (104, 2), (85, 3), (104, 1), (123, 1), (123, 1), (104, 3), (103, 0), (122, 1), (122, 1), (103, 3), (122, 1), (141, 1), (141, 1), (141, 1), (141, 1), (141, 1), (142, 2), (141, 0), (140, 0), (139, 0), (140, 2), (121, 3), (120, 0), (139, 1), (140, 2), (139, 0), (158, 1), (158, 1), (177, 1), (177, 1), (158, 3), (158, 3), (177, 1), (176, 0), (176, 0), (157, 3), (138, 3), (138, 3), (137, 0), (138, 2), (157, 1), (156, 0), (175, 1), (176, 2), (177, 2), (158, 3), (159, 2), (160, 2), (160, 2), (160, 2), (161, 2), (142, 3), (123, 3), (142, 1), (161, 1), (162, 2), (163, 2), (144, 3), (145, 2), (126, 3), (125, 0), (126, 2), (125, 0), (126, 2), (145, 1), (144, 0), (163, 1), (162, 0), (163, 2), (162, 0), (161, 0), (161, 0), (161, 0), (180, 1), (180, 1), (181, 2), (162, 3), (161, 0), (160, 0), (161, 2), (160, 0), (160, 0), (161, 2), (142, 3), (141, 0), (160, 1), (159, 0), (158, 0), (157, 0), (176, 1), (176, 1), (177, 2), (158, 3), (159, 2), (178, 1), (197, 1)], [(47, 0), (47, 0), (47, 0), (48, 2), (48, 2), (48, 2), (48, 2), (47, 0), (28, 3), (27, 0), (8, 3), (27, 1), (46, 1), (46, 1), (27, 3), (8, 3), (8, 3), (8, 3), (8, 3), (8, 3), (7, 0), (26, 1), (25, 0), (26, 2), (26, 2), (25, 0), (26, 2), (45, 1), (45, 1), (64, 1), (65, 2), (65, 2), (64, 0), (45, 3), (45, 3), (64, 1), (65, 2), (84, 1), (85, 2), (84, 0), (65, 3), (64, 0), (64, 0), (83, 1), (82, 0), (81, 0), (82, 2), (82, 2), (63, 3), (64, 2), (64, 2), (64, 2), (63, 0), (82, 1), (82, 1), (63, 3), (82, 1), (83, 2), (102, 1), (101, 0), (100, 0), (81, 3), (62, 3), (81, 1), (81, 1), (80, 0), (61, 3), (60, 0), (79, 1), (78, 0), (59, 3), (58, 0), (59, 2), (58, 0), (57, 0), (58, 2), (39, 3), (39, 3), (39, 3), (40, 2), (39, 0), (20, 3), (21, 2), (21, 2), (21, 2), (2, 3), (21, 1), (2, 3), (21, 1), (20, 0), (21, 2), (22, 2), (41, 1), (60, 1), (41, 3), (22, 3), (22, 3), (3, 3), (2, 0), (3, 2), (22, 1)], [(47, 0), (66, 1), (85, 1), (86, 2), (105, 1), (124, 1), (105, 3), (106, 2), (105, 0), (106, 2), (125, 1), (125, 1), (125, 1), (106, 3), (125, 1), (106, 3), (105, 0), (106, 2), (125, 1), (144, 1), (143, 0), (124, 3), (124, 3), (124, 3), (123, 0), (104, 3), (104, 3), (105, 2), (124, 1), (125, 2), (126, 2), (127, 2), (126, 0), (127, 2), (108, 3), (108, 3), (127, 1), (146, 1), (165, 1), (184, 1), (203, 1), (204, 2), (203, 0), (184, 3), (184, 3), (183, 0), (202, 1), (201, 0), (200, 0), (200, 0), (199, 0), (180, 3), (179, 0), (178, 0), (179, 2), (180, 2), (180, 2), (181, 2), (181, 2), (200, 1), (181, 3), (162, 3), (161, 0), (160, 0), (161, 2), (161, 2), (162, 2), (162, 2), (162, 2), (161, 0), (160, 0), (161, 2), (160, 0), (161, 2), (180, 1), (199, 1), (180, 3), (180, 3), (179, 0), (160, 3), (159, 0), (178, 1), (159, 3), (160, 2), (179, 1), (160, 3), (141, 3), (160, 1), (160, 1), (159, 0), (159, 0), (158, 0), (157, 0), (157, 0), (158, 2), (158, 2), (177, 1), (176, 0), (195, 1), (196, 2), (177, 3)], [(47, 0), (66, 1), (85, 1), (84, 0), (83, 0), (82, 0), (81, 0), (62, 3), (43, 3), (44, 2), (43, 0), (44, 2), (45, 2), (26, 3), (25, 0), (6, 3), (25, 1), (6, 3), (7, 2), (7, 2), (7, 3), (7, 3), (7, 3), (8, 2), (27, 1), (28, 2), (27, 0), (46, 1), (45, 0), (26, 3), (25, 0), (26, 2), (26, 2), (25, 0), (44, 1), (43, 0), (43, 0), (62, 1), (43, 3), (44, 2), (43, 0), (44, 2), (43, 0), (62, 1), (61, 0), (80, 1), (61, 3), (61, 3), (62, 2), (61, 0), (61, 0), (42, 3), (61, 1), (62, 2), (81, 1), (100, 1), (101, 2), (100, 0), (99, 0), (118, 1), (137, 1), (138, 2), (137, 0), (136, 0), (117, 3), (118, 2), (137, 1), (136, 0), (137, 2), (137, 2), (136, 0), (137, 2), (138, 2), (137, 0), (136, 0), (117, 3), (116, 0), (115, 0), (115, 0), (134, 1), (134, 1), (135, 2), (154, 1), (173, 1), (173, 1), (174, 2), (193, 1), (194, 2), (175, 3), (174, 0), (174, 0), (173, 0), (174, 2), (155, 3), (174, 1), (175, 2), (174, 0), (175, 2), (176, 2), (175, 0), (194, 1)], [(47, 0), (66, 1), (85, 1), (85, 1), (104, 1), (123, 1), (122, 0), (123, 2), (124, 2), (125, 2), (106, 3), (105, 0), (124, 1), (105, 3), (104, 0), (85, 3), (86, 2), (86, 2), (105, 1), (124, 1), (125, 2), (126, 2), (127, 2), (127, 2), (146, 1), (165, 1), (184, 1), (183, 0), (164, 3), (183, 1), (202, 1), (203, 2), (203, 2), (184, 3), (184, 3), (165, 3), (165, 3), (184, 1), (165, 3), (165, 3), (166, 2), (165, 0), (164, 0), (183, 1), (164, 3), (145, 3), (164, 1), (165, 2), (166, 2), (185, 1), (185, 1), (185, 1), (185, 1), (185, 1), (185, 1), (166, 3), (185, 1), (185, 1), (184, 0), (165, 3), (166, 2), (185, 1), (166, 3), (165, 0), (166, 2), (147, 3), (166, 1), (166, 1), (165, 0), (184, 1), (185, 2), (184, 0), (185, 2), (185, 2), (166, 3), (147, 3), (166, 1), (185, 1), (186, 2), (185, 0), (204, 1), (205, 2), (224, 1), (224, 1), (205, 3), (186, 3), (205, 1), (206, 2), (187, 3), (188, 2), (169, 3), (170, 2), (170, 2), (151, 3), (132, 3), (132, 3), (151, 1), (151, 2), (151, 2), (151, 2), (151, 2)], [(47, 0), (66, 1), (85, 1), (86, 2), (67, 3), (67, 3), (86, 1), (85, 0), (104, 1), (105, 2), (124, 1), (123, 0), (104, 3), (85, 3), (104, 1), (105, 2), (124, 1), (143, 1), (143, 1), (162, 1), (163, 2), (164, 2), (145, 3), (144, 0), (143, 0), (144, 2), (125, 3), (106, 3), (106, 3), (87, 3), (106, 1), (87, 3), (87, 3), (87, 3), (68, 3), (87, 1), (86, 0), (85, 0), (85, 0), (66, 3), (65, 0), (84, 1), (65, 3), (64, 0), (65, 2), (46, 3), (65, 1), (84, 1), (103, 1), (122, 1), (103, 3), (102, 0), (103, 2), (122, 1), (122, 1), (103, 3), (103, 3), (122, 1), (141, 1), (160, 1), (179, 1), (160, 3), (159, 0), (178, 1), (179, 2), (160, 3), (159, 0), (158, 0), (159, 2), (140, 3), (141, 2), (142, 2), (143, 2), (162, 1), (181, 1), (180, 0), (199, 1), (199, 1), (200, 2), (199, 0), (200, 2), (201, 2), (182, 3), (182, 3), (181, 0), (180, 0), (181, 2), (180, 0), (199, 1), (198, 0), (179, 3), (160, 3), (160, 3), (179, 1), (198, 1), (179, 3), (198, 1), (179, 3), (198, 1), (179, 3), (179, 3)], [(47, 0), (66, 1), (85, 1), (104, 1), (123, 1), (122, 0), (123, 2), (124, 2), (143, 1), (144, 2), (144, 2), (143, 0), (143, 0), (142, 0), (141, 0), (140, 0), (139, 0), (139, 0), (138, 0), (137, 0), (156, 1), (156, 1), (156, 1), (175, 1), (175, 1), (194, 1), (194, 1), (175, 3), (175, 3), (174, 0), (193, 1), (193, 1), (212, 1), (231, 1), (230, 0), (230, 0), (249, 1), (249, 1), (250, 2), (251, 2), (232, 3), (251, 1), (270, 1), (251, 3), (250, 0), (231, 3), (250, 1), (251, 2), (232, 3), (233, 2), (252, 1), (233, 3), (233, 3), (233, 3), (233, 3), (233, 3), (234, 2), (234, 2), (233, 0), (252, 1), (253, 2), (272, 1), (253, 3), (234, 3), (233, 0), (214, 3), (214, 3), (215, 2), (216, 2), (215, 0), (214, 0), (215, 2), (215, 2), (214, 0), (215, 2), (234, 1), (235, 2), (234, 0), (215, 3), (234, 1), (234, 1), (253, 1), (253, 1), (253, 1), (234, 3), (234, 3), (215, 3), (196, 3), (196, 3), (197, 2), (197, 2), (197, 2), (216, 1), (217, 2), (216, 0), (216, 0), (215, 0), (216, 2), (215, 0), (234, 1), (253, 1)], [(47, 0), (47, 0), (66, 1), (85, 1), (104, 1), (105, 2), (124, 1), (143, 1), (124, 3), (124, 3), (124, 3), (123, 0), (104, 3), (85, 3), (86, 2), (105, 1), (124, 1), (143, 1), (142, 0), (123, 3), (104, 3), (123, 1), (122, 0), (103, 3), (122, 1), (123, 2), (124, 2), (125, 2), (124, 0), (125, 2), (124, 0), (123, 0), (104, 3), (123, 1), (122, 0), (123, 2), (124, 2), (143, 1), (162, 1), (181, 1), (162, 3), (161, 0), (161, 0), (180, 1), (179, 0), (160, 3), (179, 1), (180, 2), (181, 2), (180, 0), (199, 1), (200, 2), (200, 2), (219, 1), (219, 1), (220, 2), (239, 1), (220, 3), (201, 3), (200, 0), (181, 3), (182, 2), (182, 2), (201, 1), (220, 1), (221, 2), (220, 0), (219, 0), (220, 2), (219, 0), (219, 0), (218, 0), (218, 0), (218, 0), (219, 2), (238, 1), (239, 2), (258, 1), (257, 0), (258, 2), (259, 2), (258, 0), (259, 2), (240, 3), (240, 3), (240, 3), (259, 1), (258, 0), (259, 2), (258, 0), (239, 3), (220, 3), (201, 3), (220, 1), (201, 3), (202, 2), (183, 3), (202, 1), (221, 1), (220, 0), (219, 0)], [(47, 0), (66, 1), (85, 1), (104, 1), (123, 1), (122, 0), (121, 0), (120, 0), (120, 0), (119, 0), (118, 0), (118, 0), (99, 3), (118, 1), (119, 2), (138, 1), (138, 1), (139, 2), (138, 0), (137, 0), (138, 2), (157, 1), (157, 1), (156, 0), (157, 2), (158, 2), (177, 1), (196, 1), (197, 2), (196, 0), (215, 1), (234, 1), (215, 3), (196, 3), (177, 3), (176, 0), (157, 3), (176, 1), (177, 2), (196, 1), (195, 0), (196, 2), (197, 2), (216, 1), (235, 1), (236, 2), (255, 1), (274, 1), (293, 1), (293, 1), (312, 1), (312, 1), (313, 2), (312, 0), (312, 0), (293, 3), (292, 0), (311, 1), (292, 3), (292, 3), (292, 3), (293, 2), (294, 2), (293, 0), (294, 2), (295, 2), (296, 2), (296, 2), (277, 3), (278, 2), (297, 1), (298, 2), (299, 2), (318, 1), (319, 2), (318, 0), (337, 1), (356, 1), (357, 2), (357, 2), (357, 1), (357, 1), (358, 2), (358, 2), (357, 0), (358, 2), (359, 2), (359, 2), (360, 2), (360, 2), (341, 3), (322, 3), (321, 0), (302, 3), (321, 1), (340, 1), (339, 0), (358, 1), (339, 3), (338, 0), (339, 2)], [(47, 0), (66, 1), (85, 1), (104, 1), (123, 1), (122, 0), (122, 0), (122, 0), (123, 2), (124, 2), (143, 1), (142, 0), (161, 1), (162, 2), (181, 1), (200, 1), (199, 0), (198, 0), (179, 3), (179, 3), (180, 2), (181, 2), (200, 1), (199, 0), (180, 3), (181, 2), (200, 1), (200, 1), (219, 1), (220, 2), (220, 2), (201, 3), (201, 3), (220, 1), (201, 3), (182, 3), (183, 2), (164, 3), (163, 0), (164, 2), (164, 2), (163, 0), (164, 2), (145, 3), (164, 1), (165, 2), (164, 0), (145, 3), (146, 2), (147, 2), (147, 2), (146, 0), (127, 3), (127, 3), (146, 1), (127, 3), (126, 0), (145, 1), (164, 1), (163, 0), (163, 0), (182, 1), (183, 2), (202, 1), (202, 1), (183, 3), (184, 2), (203, 1), (204, 2), (203, 0), (202, 0), (202, 0), (201, 0), (201, 0), (200, 0), (201, 2), (201, 2), (200, 0), (181, 3), (182, 2), (181, 0), (180, 0), (179, 0), (179, 0), (179, 0), (180, 2), (181, 2), (180, 0), (180, 0), (180, 0), (180, 0), (199, 1), (180, 3), (180, 3), (181, 2), (180, 0), (161, 3), (162, 2), (163, 2), (144, 3), (143, 0)], [(47, 0), (47, 0), (47, 0), (47, 0), (47, 0), (66, 1), (66, 1), (85, 1), (85, 1), (104, 1), (123, 1), (122, 0), (123, 2), (124, 2), (125, 2), (125, 2), (126, 2), (145, 1), (146, 2), (165, 1), (164, 0), (183, 1), (202, 1), (203, 2), (202, 0), (183, 3), (183, 3), (202, 1), (183, 3), (184, 2), (165, 3), (164, 0), (165, 2), (165, 2), (184, 1), (184, 1), (183, 0), (183, 0), (182, 0), (183, 2), (183, 2), (183, 2), (164, 3), (164, 3), (164, 3), (145, 3), (144, 0), (163, 1), (164, 2), (164, 2), (145, 3), (144, 0), (145, 2), (145, 2), (144, 0), (163, 1), (144, 3), (163, 1), (162, 0), (143, 3), (143, 3), (142, 0), (161, 1), (180, 1), (179, 0), (180, 2), (181, 2), (182, 2), (181, 0), (181, 0), (180, 0), (179, 0), (180, 2), (181, 2), (182, 2), (181, 0), (162, 3), (181, 1), (180, 0), (179, 0), (178, 0), (159, 3), (158, 0), (157, 0), (138, 3), (119, 3), (119, 3), (120, 2), (121, 2), (122, 2), (123, 2), (124, 2), (123, 0), (104, 3), (123, 1), (122, 0), (123, 2), (124, 2), (105, 3), (106, 2), (125, 1)], [(47, 0), (47, 0), (47, 0), (47, 0), (66, 1), (66, 1), (85, 1), (104, 1), (123, 1), (122, 0), (123, 2), (123, 2), (122, 0), (123, 2), (124, 2), (143, 1), (162, 1), (181, 1), (180, 0), (181, 2), (162, 3), (163, 2), (182, 1), (201, 1), (220, 1), (201, 3), (220, 1), (219, 0), (238, 1), (219, 3), (219, 3), (219, 3), (219, 3), (219, 3), (220, 2), (219, 0), (200, 3), (181, 3), (200, 1), (219, 1), (200, 3), (181, 3), (181, 3), (182, 2), (201, 1), (200, 0), (199, 0), (198, 0), (179, 3), (178, 0), (179, 2), (160, 3), (141, 3), (160, 1), (179, 1), (178, 0), (177, 0), (158, 3), (177, 1), (178, 2), (179, 2), (160, 3), (161, 2), (180, 1), (179, 0), (180, 2), (181, 2), (181, 2), (200, 1), (201, 2), (201, 2), (200, 0), (199, 0), (198, 0), (179, 3), (178, 0), (179, 2), (178, 0), (177, 0), (196, 1), (215, 1), (196, 3), (196, 3), (197, 2), (196, 0), (195, 0), (214, 1), (195, 3), (176, 3), (175, 0), (156, 3), (157, 2), (176, 1), (175, 0), (194, 1), (195, 2), (214, 1), (233, 1), (252, 1), (252, 1), (233, 3)], [(47, 0), (66, 1), (85, 1), (85, 1), (104, 1), (123, 1), (122, 0), (122, 0), (122, 0), (141, 1), (160, 1), (179, 1), (180, 2), (180, 2), (181, 2), (200, 1), (219, 1), (200, 3), (181, 3), (181, 3), (181, 3), (162, 3), (181, 1), (182, 2), (163, 3), (162, 0), (162, 0), (162, 0), (143, 3), (142, 0), (141, 0), (122, 3), (123, 2), (124, 2), (125, 2), (125, 2), (126, 2), (125, 0), (144, 1), (143, 0), (144, 2), (145, 2), (146, 2), (165, 1), (165, 1), (165, 1), (164, 0), (183, 1), (202, 1), (202, 1), (203, 2), (203, 2), (202, 0), (221, 1), (220, 0), (201, 3), (201, 3), (201, 3), (182, 3), (163, 3), (182, 1), (201, 1), (220, 1), (239, 1), (258, 1), (239, 3), (238, 0), (219, 3), (238, 1), (257, 1), (276, 1), (257, 3), (238, 3), (257, 1), (256, 0), (257, 2), (256, 0), (237, 3), (238, 2), (219, 3), (200, 3), (181, 3), (200, 1), (199, 0), (198, 0), (179, 3), (198, 1), (179, 3), (179, 3), (198, 1), (197, 0), (198, 2), (197, 0), (178, 3), (177, 0), (196, 1), (195, 0), (214, 1), (195, 3), (214, 1), (213, 0)], [(47, 0), (66, 1), (85, 1), (86, 2), (105, 1), (124, 1), (105, 3), (104, 0), (123, 1), (122, 0), (123, 2), (124, 2), (123, 0), (122, 0), (122, 0), (123, 2), (123, 2), (124, 2), (123, 0), (122, 0), (122, 0), (141, 1), (160, 1), (179, 1), (179, 1), (160, 3), (161, 2), (161, 2), (160, 0), (159, 0), (140, 3), (159, 1), (160, 2), (141, 3), (160, 1), (179, 1), (180, 2), (180, 2), (181, 2), (200, 1), (219, 1), (200, 3), (181, 3), (180, 0), (179, 0), (198, 1), (217, 1), (216, 0), (197, 3), (197, 3), (198, 2), (198, 2), (179, 3), (198, 1), (198, 1), (199, 2), (200, 2), (201, 2), (220, 1), (201, 3), (182, 3), (182, 3), (181, 0), (182, 2), (181, 0), (200, 1), (181, 3), (200, 1), (181, 3), (181, 3), (181, 3), (182, 2), (181, 0), (181, 0), (200, 1), (181, 3), (200, 1), (219, 1), (200, 3), (181, 3), (182, 2), (201, 1), (182, 3), (182, 3), (163, 3), (144, 3), (163, 1), (162, 0), (181, 1), (180, 0), (179, 0), (180, 2), (181, 2), (181, 2), (180, 0), (181, 2), (182, 2), (163, 3), (182, 1), (183, 2), (164, 3)], [(47, 0), (66, 1), (85, 1), (104, 1), (105, 2), (124, 1), (123, 0), (122, 0), (141, 1), (122, 3), (141, 1), (160, 1), (179, 1), (180, 2), (181, 2), (182, 2), (183, 2), (183, 2), (183, 2), (184, 2), (203, 1), (184, 3), (184, 3), (203, 1), (202, 0), (183, 3), (184, 2), (203, 1), (202, 0), (201, 0), (202, 2), (221, 1), (240, 1), (241, 2), (260, 1), (259, 0), (259, 0), (278, 1), (297, 1), (297, 1), (278, 3), (278, 3), (277, 0), (278, 2), (279, 2), (278, 0), (278, 0), (277, 0), (278, 2), (277, 0), (276, 0), (275, 0), (276, 2), (295, 1), (294, 0), (293, 0), (312, 1), (311, 0), (310, 0), (309, 0), (309, 0), (290, 3), (309, 1), (309, 1), (290, 3), (289, 0), (288, 0), (307, 1), (288, 3), (307, 1), (307, 1), (307, 1), (308, 2), (308, 2), (309, 2), (310, 2), (311, 2), (311, 2), (292, 3), (311, 1), (310, 0), (310, 0), (309, 0), (310, 2), (310, 2), (310, 2), (311, 2), (330, 1), (330, 1), (329, 0), (328, 0), (347, 1), (328, 3), (329, 2), (330, 2), (349, 1), (350, 2), (351, 2), (352, 2), (351, 0), (351, 1)], [(47, 0), (66, 1), (85, 1), (104, 1), (123, 1), (122, 0), (141, 1), (160, 1), (179, 1), (180, 2), (181, 2), (200, 1), (199, 0), (198, 0), (179, 3), (179, 3), (198, 1), (199, 2), (199, 2), (218, 1), (217, 0), (217, 0), (198, 3), (217, 1), (216, 0), (235, 1), (236, 2), (237, 2), (237, 2), (236, 0), (237, 2), (256, 1), (256, 1), (256, 1), (256, 1), (255, 0), (274, 1), (293, 1), (312, 1), (313, 2), (332, 1), (313, 3), (312, 0), (313, 2), (332, 1), (332, 1), (333, 2), (334, 2), (335, 2), (316, 3), (317, 2), (316, 0), (317, 2), (316, 0), (317, 2), (318, 2), (317, 0), (316, 0), (317, 2), (316, 0), (317, 2), (318, 2), (299, 3), (300, 2), (319, 1), (318, 0), (337, 1), (318, 3), (337, 1), (336, 0), (335, 0), (316, 3), (335, 1), (316, 3), (315, 0), (315, 0), (296, 3), (295, 0), (314, 1), (313, 0), (314, 2), (313, 0), (312, 0), (331, 1), (332, 2), (333, 2), (334, 2), (315, 3), (314, 0), (314, 0), (315, 2), (316, 2), (297, 3), (297, 3), (316, 1), (297, 3), (296, 0), (277, 3), (276, 0), (257, 3), (238, 3)], [(47, 0), (66, 1), (85, 1), (104, 1), (105, 2), (124, 1), (123, 0), (122, 0), (141, 1), (160, 1), (179, 1), (180, 2), (181, 2), (181, 2), (182, 2), (182, 2), (181, 0), (162, 3), (161, 0), (180, 1), (179, 0), (180, 2), (161, 3), (142, 3), (161, 1), (180, 1), (179, 0), (180, 2), (181, 2), (180, 0), (181, 2), (181, 2), (182, 2), (201, 1), (200, 0), (181, 3), (181, 3), (200, 1), (219, 1), (238, 1), (237, 0), (256, 1), (257, 2), (238, 3), (237, 0), (218, 3), (237, 1), (236, 0), (237, 2), (237, 2), (218, 3), (237, 1), (236, 0), (235, 0), (216, 3), (216, 3), (217, 2), (216, 0), (217, 2), (236, 1), (236, 1), (235, 0), (236, 2), (237, 2), (218, 3), (237, 1), (236, 0), (235, 0), (236, 2), (217, 3), (217, 3), (217, 3), (236, 1), (237, 2), (238, 2), (219, 3), (219, 3), (220, 2), (219, 0), (238, 1), (237, 0), (236, 0), (237, 2), (237, 2), (237, 2), (256, 1), (257, 2), (238, 3), (239, 2), (220, 3), (219, 0), (238, 1), (237, 0), (218, 3), (237, 1), (236, 0), (255, 1), (254, 0), (255, 2), (274, 1), (293, 1)], [(47, 0), (66, 1), (85, 1), (104, 1), (105, 2), (124, 1), (123, 0), (122, 0), (141, 1), (160, 1), (179, 1), (180, 2), (181, 2), (200, 1), (219, 1), (238, 1), (237, 0), (218, 3), (237, 1), (236, 0), (237, 2), (238, 2), (239, 2), (258, 1), (277, 1), (277, 1), (277, 1), (258, 3), (258, 3), (239, 3), (258, 1), (239, 3), (238, 0), (238, 0), (219, 3), (219, 3), (219, 3), (200, 3), (181, 3), (182, 2), (201, 1), (202, 2), (183, 3), (183, 3), (184, 2), (203, 1), (184, 3), (203, 1), (203, 1), (184, 3), (183, 0), (184, 2), (184, 2), (185, 2), (184, 0), (185, 2), (186, 2), (185, 0), (166, 3), (165, 0), (165, 0), (146, 3), (127, 3), (127, 3), (127, 3), (108, 3), (127, 1), (146, 1), (165, 1), (165, 1), (184, 1), (185, 2), (186, 2), (167, 3), (148, 3), (149, 2), (130, 3), (130, 3), (129, 0), (128, 0), (109, 3), (90, 3), (90, 3), (89, 0), (89, 0), (90, 2), (109, 1), (128, 1), (127, 0), (128, 2), (129, 2), (128, 0), (109, 3), (109, 3), (110, 2), (91, 3), (72, 3), (91, 1), (110, 1), (109, 0), (128, 1)], [(47, 0), (66, 1), (85, 1), (104, 1), (105, 2), (124, 1), (123, 0), (122, 0), (141, 1), (160, 1), (179, 1), (180, 2), (181, 2), (200, 1), (219, 1), (238, 1), (257, 1), (276, 1), (295, 1), (294, 0), (293, 0), (294, 2), (295, 2), (295, 2), (294, 0), (294, 0), (293, 0), (274, 3), (273, 0), (272, 0), (253, 3), (254, 2), (254, 2), (253, 0), (272, 1), (271, 0), (270, 0), (270, 0), (269, 0), (268, 0), (267, 0), (286, 1), (285, 0), (285, 0), (286, 2), (287, 2), (268, 3), (249, 3), (268, 1), (287, 1), (306, 1), (305, 0), (304, 0), (304, 0), (304, 0), (304, 0), (285, 3), (304, 1), (305, 2), (304, 0), (323, 1), (324, 2), (325, 2), (344, 1), (345, 2), (345, 2), (345, 2), (344, 0), (344, 1), (344, 1), (344, 1), (343, 0), (343, 1), (343, 1), (344, 2), (343, 0), (342, 0), (343, 2), (343, 2), (343, 1), (324, 3), (343, 1), (343, 1), (344, 2), (344, 1), (344, 1), (325, 3), (306, 3), (306, 3), (305, 0), (304, 0), (285, 3), (285, 0), (285, 0), (286, 2), (285, 0), (285, 0), (285, 0), (266, 3), (266, 3), (266, 3)], [(47, 0), (66, 1), (85, 1), (104, 1), (105, 2), (124, 1), (123, 0), (122, 0), (141, 1), (160, 1), (179, 1), (180, 2), (181, 2), (200, 1), (219, 1), (238, 1), (257, 1), (276, 1), (295, 1), (294, 0), (293, 0), (312, 1), (331, 1), (332, 2), (332, 2), (331, 0), (312, 3), (313, 2), (314, 2), (295, 3), (294, 0), (293, 0), (312, 1), (313, 2), (332, 1), (351, 1), (351, 1), (352, 2), (333, 3), (333, 3), (314, 3), (315, 2), (315, 2), (314, 0), (333, 1), (334, 2), (333, 0), (352, 1), (352, 1), (352, 1), (333, 3), (333, 3), (333, 3), (332, 0), (313, 3), (294, 3), (294, 3), (313, 1), (313, 1), (313, 1), (312, 0), (312, 0), (313, 2), (314, 2), (333, 1), (332, 0), (313, 3), (294, 3), (293, 0), (274, 3), (293, 1), (294, 2), (295, 2), (294, 0), (293, 0), (274, 3), (255, 3), (256, 2), (255, 0), (274, 1), (293, 1), (293, 1), (293, 1), (294, 2), (313, 1), (312, 0), (313, 2), (294, 3), (275, 3), (275, 3), (256, 3), (237, 3), (256, 1), (256, 1), (256, 1), (257, 2), (256, 0), (255, 0), (274, 1), (293, 1), (294, 2)], [(47, 0), (66, 1), (85, 1), (104, 1), (105, 2), (124, 1), (123, 0), (122, 0), (141, 1), (160, 1), (179, 1), (180, 2), (181, 2), (200, 1), (219, 1), (238, 1), (257, 1), (276, 1), (295, 1), (294, 0), (293, 0), (312, 1), (331, 1), (332, 2), (331, 0), (332, 2), (333, 2), (334, 2), (335, 2), (336, 2), (337, 2), (338, 2), (319, 3), (318, 0), (337, 1), (336, 0), (355, 1), (336, 3), (337, 2), (336, 0), (337, 2), (356, 1), (337, 3), (318, 3), (319, 2), (338, 1), (339, 2), (358, 1), (359, 2), (360, 2), (341, 3), (340, 0), (341, 2), (360, 1), (360, 2), (341, 3), (341, 2), (341, 2), (341, 2), (340, 0), (341, 2), (340, 0), (321, 3), (302, 3), (283, 3), (264, 3), (245, 3), (245, 3), (245, 3), (245, 3), (245, 3), (245, 3), (246, 2), (227, 3), (246, 1), (246, 1), (265, 1), (264, 0), (263, 0), (262, 0), (262, 0), (263, 2), (264, 2), (265, 2), (246, 3), (245, 0), (244, 0), (245, 2), (246, 2), (246, 2), (227, 3), (246, 1), (245, 0), (246, 2), (227, 3), (227, 2), (208, 3), (208, 2), (227, 1), (208, 3), (208, 2)], [(47, 0), (66, 1), (85, 1), (104, 1), (105, 2), (124, 1), (123, 0), (122, 0), (141, 1), (160, 1), (179, 1), (180, 2), (181, 2), (200, 1), (219, 1), (238, 1), (257, 1), (276, 1), (295, 1), (294, 0), (293, 0), (312, 1), (331, 1), (332, 2), (333, 2), (352, 1), (352, 1), (352, 1), (352, 1), (353, 2), (354, 2), (354, 1), (353, 0), (334, 3), (353, 1), (334, 3), (315, 3), (314, 0), (333, 1), (332, 0), (313, 3), (314, 2), (295, 3), (294, 0), (293, 0), (312, 1), (331, 1), (332, 2), (331, 0), (331, 0), (332, 2), (351, 1), (350, 0), (351, 2), (351, 2), (332, 3), (333, 2), (333, 2), (314, 3), (295, 3), (296, 2), (315, 1), (315, 1), (334, 1), (335, 2), (334, 0), (333, 0), (333, 0), (332, 0), (332, 0), (331, 0), (330, 0), (331, 2), (332, 2), (313, 3), (332, 1), (351, 1), (350, 0), (350, 0), (350, 1), (350, 1), (331, 3), (312, 3), (311, 0), (310, 0), (329, 1), (310, 3), (310, 3), (329, 1), (328, 0), (347, 1), (347, 1), (347, 1), (347, 1), (347, 1), (348, 2), (348, 1), (349, 2), (349, 1), (348, 0), (348, 0)], [(47, 0), (66, 1), (85, 1), (104, 1), (105, 2), (124, 1), (123, 0), (122, 0), (141, 1), (160, 1), (179, 1), (180, 2), (181, 2), (200, 1), (219, 1), (238, 1), (257, 1), (276, 1), (295, 1), (294, 0), (293, 0), (292, 0), (311, 1), (292, 3), (291, 0), (292, 2), (311, 1), (330, 1), (349, 1), (348, 0), (349, 2), (349, 1), (330, 3), (311, 3), (330, 1), (329, 0), (329, 0), (348, 1), (347, 0), (347, 1), (328, 3), (327, 0), (326, 0), (307, 3), (308, 2), (307, 0), (308, 2), (307, 0), (326, 1), (327, 2), (328, 2), (347, 1), (346, 0), (345, 0), (326, 3), (345, 1), (345, 1), (346, 2), (327, 3), (328, 2), (327, 0), (346, 1), (347, 2), (328, 3), (328, 3), (309, 3), (309, 3), (309, 3), (308, 0), (308, 0), (289, 3), (288, 0), (288, 0), (287, 0), (306, 1), (287, 3), (287, 3), (306, 1), (307, 2), (306, 0), (287, 3), (287, 3), (268, 3), (287, 1), (306, 1), (305, 0), (324, 1), (305, 3), (324, 1), (324, 1), (305, 3), (305, 3), (306, 2), (287, 3), (268, 3), (287, 1), (306, 1), (325, 1), (344, 1), (344, 1), (344, 1)], [(47, 0), (66, 1), (85, 1), (104, 1), (105, 2), (124, 1), (123, 0), (122, 0), (141, 1), (160, 1), (179, 1), (180, 2), (181, 2), (200, 1), (219, 1), (238, 1), (257, 1), (276, 1), (295, 1), (294, 0), (293, 0), (294, 2), (293, 0), (274, 3), (275, 2), (294, 1), (295, 2), (296, 2), (295, 0), (295, 0), (314, 1), (313, 0), (294, 3), (295, 2), (294, 0), (275, 3), (276, 2), (295, 1), (294, 0), (293, 0), (312, 1), (311, 0), (292, 3), (311, 1), (310, 0), (309, 0), (310, 2), (311, 2), (310, 0), (329, 1), (328, 0), (347, 1), (347, 1), (328, 3), (328, 3), (347, 1), (346, 0), (327, 3), (327, 3), (346, 1), (327, 3), (308, 3), (307, 0), (306, 0), (305, 0), (304, 0), (323, 1), (323, 1), (323, 0), (323, 0), (324, 2), (305, 3), (324, 1), (324, 1), (325, 2), (344, 1), (344, 1), (325, 3), (325, 3), (326, 2), (327, 2), (346, 1), (345, 0), (344, 0), (325, 3), (306, 3), (305, 0), (324, 1), (323, 0), (323, 0), (342, 1), (342, 0), (342, 1), (343, 2), (324, 3), (325, 2), (325, 2), (326, 2), (326, 2), (327, 2), (327, 2)], [(47, 0), (66, 1), (85, 1), (104, 1), (105, 2), (124, 1), (123, 0), (122, 0), (141, 1), (160, 1), (179, 1), (180, 2), (181, 2), (200, 1), (219, 1), (238, 1), (257, 1), (276, 1), (295, 1), (294, 0), (293, 0), (312, 1), (331, 1), (332, 2), (332, 2), (313, 3), (294, 3), (275, 3), (256, 3), (237, 3), (218, 3), (219, 2), (238, 1), (257, 1), (276, 1), (295, 1), (294, 0), (293, 0), (293, 0), (293, 0), (274, 3), (255, 3), (236, 3)], [(47, 0), (66, 1), (85, 1), (104, 1), (105, 2), (124, 1), (123, 0), (122, 0), (141, 1), (160, 1), (179, 1), (180, 2), (181, 2), (200, 1), (219, 1), (238, 1), (257, 1), (276, 1), (295, 1), (294, 0), (293, 0), (274, 3), (255, 3), (236, 3), (255, 1), (274, 1), (273, 0), (254, 3), (255, 2), (274, 1), (274, 1), (293, 1), (293, 1), (274, 3), (255, 3), (236, 3), (217, 3), (216, 0), (217, 2), (236, 1), (217, 3), (217, 3), (198, 3), (199, 2), (200, 2), (219, 1), (238, 1), (257, 1), (276, 1), (295, 1), (294, 0), (293, 0), (312, 1), (331, 1), (331, 1), (332, 2)], [(47, 0), (66, 1), (85, 1), (104, 1), (105, 2), (124, 1), (123, 0), (122, 0), (141, 1), (160, 1), (179, 1), (180, 2), (181, 2), (200, 1), (219, 1), (238, 1), (257, 1), (276, 1), (295, 1), (294, 0), (293, 0), (274, 3), (255, 3), (236, 3), (217, 3), (217, 3), (218, 2), (217, 0), (216, 0), (216, 0), (235, 1), (236, 2), (255, 1), (274, 1), (293, 1), (293, 1), (274, 3), (255, 3), (236, 3), (255, 1), (274, 1), (274, 1), (255, 3), (236, 3), (235, 0), (236, 2), (236, 2), (237, 2), (238, 2), (257, 1), (276, 1), (295, 1), (294, 0), (293, 0), (312, 1), (331, 1), (332, 2)], [(47, 0), (66, 1), (85, 1), (104, 1), (105, 2), (124, 1), (123, 0), (122, 0), (141, 1), (160, 1), (179, 1), (180, 2), (181, 2), (200, 1), (219, 1), (238, 1), (257, 1), (276, 1), (295, 1), (294, 0), (293, 0), (312, 1), (331, 1), (330, 0), (311, 3), (292, 3), (273, 3), (274, 2), (275, 2), (294, 1), (275, 3), (256, 3), (256, 3), (255, 0), (236, 3), (237, 2), (238, 2), (219, 3), (218, 0), (237, 1), (238, 2), (257, 1), (276, 1), (295, 1), (294, 0), (293, 0), (274, 3), (255, 3), (236, 3), (236, 3), (237, 2), (238, 2), (257, 1), (276, 1), (295, 1), (294, 0), (293, 0), (312, 1), (331, 1), (332, 2)], [(47, 0), (66, 1), (85, 1), (104, 1), (105, 2), (124, 1), (123, 0), (122, 0), (141, 1), (160, 1), (179, 1), (180, 2), (181, 2), (200, 1), (219, 1), (238, 1), (257, 1), (276, 1), (295, 1), (294, 0), (293, 0), (312, 1), (331, 1), (332, 2), (313, 3), (314, 2), (315, 2), (316, 2), (316, 2), (297, 3), (296, 0), (277, 3), (276, 0), (257, 3), (276, 1), (295, 1), (294, 0), (293, 0), (312, 1), (331, 1), (332, 2), (351, 1), (332, 3), (333, 2), (333, 2), (352, 1), (353, 2), (353, 1), (352, 0), (333, 3), (333, 3), (314, 3), (295, 3), (276, 3), (295, 1), (294, 0), (293, 0), (312, 1), (331, 1), (332, 2), (331, 0), (350, 1), (331, 3), (312, 3), (313, 2), (314, 2), (333, 1), (332, 0), (332, 0), (313, 3), (332, 1), (331, 0), (312, 3), (313, 2), (313, 2), (294, 3), (295, 2), (294, 0), (293, 0), (274, 3), (255, 3), (236, 3)], [(47, 0), (66, 1), (85, 1), (104, 1), (105, 2), (124, 1), (123, 0), (122, 0), (141, 1), (160, 1), (179, 1), (180, 2), (181, 2), (200, 1), (219, 1), (238, 1), (257, 1), (276, 1), (295, 1), (294, 0), (293, 0), (312, 1), (331, 1), (332, 2), (313, 3), (332, 1), (331, 0), (350, 1), (349, 0), (350, 2), (351, 2), (351, 2), (351, 2), (351, 1), (332, 3), (331, 0), (350, 1), (331, 3), (332, 2), (331, 0), (312, 3), (331, 1), (331, 1), (332, 2), (333, 2), (352, 1), (333, 3), (352, 1), (352, 1), (352, 1), (351, 0), (332, 3), (313, 3), (314, 2), (295, 3), (295, 3), (294, 0), (293, 0), (312, 1), (331, 1), (332, 2), (331, 0), (312, 3), (331, 1), (332, 2), (333, 2), (333, 2), (332, 0), (331, 0), (312, 3), (331, 1), (332, 2), (313, 3), (294, 3), (295, 2), (294, 0), (293, 0), (274, 3), (255, 3), (236, 3)], [(47, 0), (66, 1), (85, 1), (104, 1), (105, 2), (124, 1), (123, 0), (122, 0), (141, 1), (160, 1), (179, 1), (180, 2), (181, 2), (200, 1), (219, 1), (238, 1), (257, 1), (276, 1), (295, 1), (294, 0), (293, 0), (312, 1), (313, 2), (313, 2), (312, 0), (293, 3), (294, 2), (293, 0), (293, 0), (312, 1), (331, 1), (332, 2), (333, 2), (352, 1), (333, 3), (314, 3), (295, 3), (294, 0), (293, 0), (274, 3), (255, 3), (236, 3)], [(47, 0), (66, 1), (85, 1), (104, 1), (105, 2), (124, 1), (123, 0), (122, 0), (141, 1), (160, 1), (179, 1), (180, 2), (181, 2), (200, 1), (219, 1), (238, 1), (257, 1), (276, 1), (295, 1), (294, 0), (293, 0), (293, 0), (312, 1), (331, 1), (332, 2), (351, 1), (351, 1), (352, 2), (353, 2), (354, 2), (354, 2), (353, 0), (354, 2), (335, 3), (336, 2), (355, 1), (356, 2), (356, 2), (356, 2), (356, 2), (357, 2), (357, 2), (356, 0), (337, 3), (337, 3), (318, 3), (319, 2), (300, 3), (299, 0), (280, 3), (279, 0), (278, 0), (278, 0), (259, 3), (240, 3), (241, 2), (240, 0), (239, 0), (258, 1), (239, 3), (239, 3), (238, 0), (257, 1), (276, 1), (295, 1), (294, 0), (293, 0), (294, 2), (295, 2), (314, 1), (315, 2), (296, 3), (297, 2), (296, 0), (315, 1), (314, 0), (314, 0), (333, 1), (314, 3), (313, 0), (313, 0), (332, 1), (313, 3), (294, 3), (313, 1), (312, 0), (312, 0), (331, 1), (332, 2), (313, 3), (294, 3), (295, 2), (294, 0), (293, 0), (312, 1), (312, 1), (293, 3), (292, 0), (292, 0), (273, 3), (272, 0)], [(47, 0), (66, 1), (85, 1), (104, 1), (105, 2), (124, 1), (123, 0), (122, 0), (141, 1), (160, 1), (179, 1), (180, 2), (181, 2), (200, 1), (219, 1), (238, 1), (257, 1), (276, 1), (295, 1), (294, 0), (293, 0), (312, 1), (312, 1), (293, 3), (312, 1), (331, 1), (332, 2), (332, 2), (313, 3), (294, 3), (295, 2), (295, 2), (294, 0), (293, 0), (292, 0), (273, 3), (254, 3), (253, 0), (272, 1), (272, 1), (273, 2), (292, 1), (293, 2), (274, 3), (293, 1), (294, 2), (295, 2), (294, 0), (313, 1), (312, 0), (311, 0), (310, 0), (309, 0), (309, 0), (328, 1), (329, 2), (348, 1), (347, 0), (328, 3), (329, 2), (310, 3), (329, 1), (328, 0), (309, 3), (309, 3), (328, 1), (347, 1), (348, 2), (329, 3), (328, 0), (328, 0), (309, 3), (290, 3), (309, 1), (308, 0), (327, 1), (308, 3), (308, 3), (307, 0), (288, 3), (269, 3), (268, 0), (269, 2), (270, 2), (269, 0), (269, 0), (250, 3), (269, 1), (269, 1), (268, 0), (287, 1), (286, 0), (286, 0), (305, 1), (304, 0), (323, 1), (324, 2), (324, 2), (343, 1), (344, 2), (325, 3)], [(47, 0), (66, 1), (85, 1), (104, 1), (105, 2), (124, 1), (123, 0), (122, 0), (141, 1), (160, 1), (179, 1), (180, 2), (181, 2), (200, 1), (219, 1), (238, 1), (257, 1), (276, 1), (295, 1), (294, 0), (293, 0), (294, 2), (313, 1), (313, 1), (294, 3), (313, 1), (294, 3), (294, 3), (295, 2), (295, 2), (294, 0), (293, 0), (312, 1), (331, 1), (331, 1), (331, 1), (332, 2), (333, 2), (334, 2), (334, 2), (315, 3), (314, 0), (295, 3), (294, 0), (293, 0), (312, 1), (293, 3), (312, 1), (312, 1), (312, 1), (313, 2), (314, 2), (314, 2), (295, 3), (276, 3), (276, 3), (276, 3), (277, 2), (277, 2), (296, 1), (297, 2), (278, 3), (259, 3), (278, 1), (279, 2), (279, 2), (260, 3), (279, 1), (278, 0), (279, 2), (280, 2), (261, 3), (260, 0), (259, 0), (258, 0), (239, 3), (238, 0), (219, 3), (218, 0), (237, 1), (236, 0)], [(47, 0), (66, 1), (85, 1), (104, 1), (105, 2), (124, 1), (123, 0), (122, 0), (141, 1), (160, 1), (179, 1), (180, 2), (181, 2), (200, 1), (219, 1), (238, 1), (257, 1), (276, 1), (295, 1), (294, 0), (293, 0), (274, 3), (255, 3), (236, 3), (236, 3), (237, 2), (238, 2), (257, 1), (276, 1), (295, 1), (294, 0), (293, 0), (293, 0), (292, 0), (311, 1), (311, 1), (311, 1), (312, 2), (331, 1), (332, 2)], [(47, 0), (66, 1), (85, 1), (104, 1), (105, 2), (124, 1), (123, 0), (122, 0), (141, 1), (160, 1), (179, 1), (180, 2), (181, 2), (181, 2), (200, 1), (219, 1), (238, 1), (257, 1), (276, 1), (295, 1), (294, 0), (293, 0), (274, 3), (255, 3), (236, 3), (237, 2), (236, 0), (235, 0), (254, 1), (273, 1), (273, 1), (292, 1), (292, 1), (291, 0), (272, 3), (253, 3), (272, 1), (291, 1), (310, 1), (329, 1), (310, 3), (309, 0), (290, 3), (289, 0), (288, 0), (307, 1), (306, 0), (325, 1), (326, 2), (327, 2), (326, 0), (325, 0), (324, 0), (324, 0), (323, 0), (323, 0), (323, 0), (323, 0), (324, 2), (325, 2), (324, 0), (305, 3), (305, 3), (305, 3), (286, 3), (286, 3), (286, 3), (267, 3), (267, 3), (266, 0), (247, 3), (247, 3), (248, 2), (248, 2), (267, 1), (266, 0), (267, 2), (248, 3), (249, 2), (230, 3), (211, 3), (212, 2), (211, 0), (212, 2), (193, 3), (193, 3), (194, 2), (175, 3), (175, 3), (175, 3), (194, 1), (213, 1), (214, 2), (195, 3), (194, 0), (213, 1), (213, 1), (214, 2), (233, 1), (233, 1), (233, 1)], [(47, 0), (66, 1), (85, 1), (104, 1), (105, 2), (124, 1), (123, 0), (122, 0), (141, 1), (160, 1), (179, 1), (180, 2), (181, 2), (200, 1), (219, 1), (238, 1), (237, 0), (238, 2), (238, 2), (257, 1), (276, 1), (295, 1), (294, 0), (293, 0), (294, 2), (313, 1), (332, 1), (351, 1), (351, 1), (351, 1), (350, 0), (351, 2), (332, 3), (333, 2), (333, 2), (352, 1), (351, 0), (350, 0), (350, 0), (350, 0), (331, 3), (331, 3), (312, 3), (331, 1), (332, 2), (313, 3), (294, 3), (293, 0), (293, 0), (274, 3), (274, 3), (275, 2), (294, 1), (294, 1), (295, 2), (276, 3), (295, 1), (294, 0), (313, 1), (332, 1), (313, 3), (332, 1), (332, 1), (332, 1), (331, 0), (330, 0), (331, 2), (332, 2), (313, 3), (314, 2), (333, 1), (332, 0), (332, 0), (333, 2), (314, 3), (313, 0), (312, 0), (331, 1), (332, 2), (331, 0), (331, 0), (332, 2), (313, 3), (313, 3), (312, 0), (293, 3), (312, 1), (331, 1), (332, 2), (332, 2), (351, 1), (351, 1), (332, 3), (331, 0), (330, 0), (331, 2), (312, 3), (312, 3), (293, 3), (294, 2), (275, 3)], [(47, 0), (66, 1), (85, 1), (104, 1), (105, 2), (124, 1), (123, 0), (122, 0), (141, 1), (160, 1), (179, 1), (180, 2), (181, 2), (200, 1), (219, 1), (238, 1), (257, 1), (276, 1), (295, 1), (294, 0), (293, 0), (294, 2), (295, 2), (294, 0), (293, 0), (312, 1), (331, 1), (331, 1), (332, 2), (331, 0), (330, 0), (330, 0), (331, 2), (330, 0), (330, 0), (330, 0), (331, 2), (312, 3), (312, 3), (293, 3), (274, 3), (255, 3), (236, 3)], [(47, 0), (66, 1), (85, 1), (104, 1), (105, 2), (124, 1), (123, 0), (122, 0), (141, 1), (160, 1), (179, 1), (180, 2), (181, 2), (200, 1), (219, 1), (238, 1), (257, 1), (276, 1), (295, 1), (294, 0), (293, 0), (274, 3), (275, 2), (256, 3), (255, 0), (274, 1), (293, 1), (312, 1), (331, 1), (332, 2), (313, 3), (294, 3), (294, 3), (294, 3), (275, 3), (274, 0), (293, 1), (312, 1), (331, 1), (332, 2), (313, 3), (313, 3), (294, 3), (275, 3), (274, 0), (255, 3), (236, 3)]]",True,10.499267101287842,,,1,9df11_00148,769400a069424b4280b864e45a19ea8a,2022-08-15_21-08-35,1660594115,10.499267101287842,90184,richards-mbp-2.lan,127.0.0.1,10.499267101287842,0,1,0.0052564144134521484
